304352772 78.5
304197080 82.0
304261348 64.5
304230021 84.5
304147819 84.5
304308834 90.0
304310322 84.5
304476569 78.0
304412224 90.5
304214662 76.0
304294646 82.5
304297647 75.5
304359177 83.0
304367391 80.5
304462493 68.5
304134993 83.0
304173563 82.5
304370678 89.5
304199458 83.0
304121319 77.0
304458082 84.0
304289166 78.5
304113238 75.0
304251856 88.0
304284259 75.5
304269514 92.5
304183886 92.5
304424356 79.5
304103478 87.0
304432271 88.5
304130512 63.0
304454948 75.5
304175674 81.0
304228746 76.5
304430828 75.0
304307100 86.5
304294098 76.5
304252581 70.0
304110328 89.5
304434179 76.5
304200074 74.5
304266542 90.5
304395673 76.5
304154987 81.5
304206175 80.0
304451173 80.5
304214621 88.5
304300942 87.5
304418373 87.0
304276622 78.0
304406630 75.5
304472845 71.0
304369822 80.5
304144118 92.5
304330007 83.5
304453269 76.0
304172357 77.5
304420635 80.0
304294329 79.5
304256155 85.0
304201504 77.0
304278104 76.5
304147400 88.0
304207331 77.0
304307944 73.0
304353354 82.0
304289192 83.0
304407989 80.0
304232325 81.0
304171482 85.5
304421798 75.0
304412833 69.0
304171426 88.0
304346438 85.0
304455296 82.5
304249009 80.0
304355461 93.5
304432591 82.5
304452565 80.5
304407685 80.0
304344313 83.0
304113396 82.5
304235093 92.0
304183810 87.5
304103905 83.5
304121417 88.5
304471066 78.5
304434760 89.5
304100851 88.0
304112280 81.5
304191988 88.0
304428534 87.5
304238469 74.0
304355519 70.0
304399693 69.0
304398994 77.0
304309287 73.5
304274341 85.5
304367839 75.0
304129871 82.5
304340306 72.0
304160589 67.0
304183227 84.5
304160217 82.0
304414322 69.5
304328864 77.5
304388259 75.0
304136421 88.5
304486752 79.5
304455444 77.0
304144597 71.5
304372063 83.5
304401934 74.0
304283748 76.0
304375525 69.5
304379507 86.5
304132098 86.5
304438890 76.5
304362296 77.0
304374847 90.5
304331385 91.5
304290198 71.5
304388039 76.0
304239117 73.5
304324957 87.5
304255333 75.0
304170284 89.5
304299943 88.0
304302757 76.5
304298419 79.0
304145082 81.5
304352296 71.0
304452923 89.0
304475880 73.0
304437388 75.5
304214371 82.0
304407455 82.5
304186673 82.0
304408981 72.5
304129256 82.0
304179131 80.0
304486163 73.5
304409880 86.0
304347576 88.0
304179840 76.5
304328080 89.0
304223416 87.0
304270381 71.0
304311226 78.5
304218131 77.5
