304100851 88
304103478 87
304103905 83.5
304110328 89.5
304112280 81.5
304113238 75
304113396 82.5
304121319 77
304121417 88.5
304129256 82
304129871 82.5
304130512 63
304132098 86.5
304134993 83
304136421 88.5
304144118 92.5
304144597 71.5
304145082 81.5
304147400 88
304147819 84.5
304154987 81.5
304160217 82
304160589 67
304170284 89.5
304171426 88
304171482 85.5
304172357 77.5
304173563 82.5
304175674 81
304179131 80
304179840 76.5
304183227 84.5
304183810 87.5
304183886 92.5
304186673 82
304191988 88
304197080 82
304199458 83
304200074 74.5
304201504 77
304206175 80
304207331 77
304214371 82
304214621 88.5
304214662 76
304218131 77.5
304223416 87
304228746 76.5
304230021 84.5
304232325 81
304235093 92
304238469 74
304239117 73.5
304249009 80
304251856 88
304252581 70
304255333 75
304256155 85
304261348 64.5
304266542 90.5
304269514 92.5
304270381 71
304274341 85.5
304276622 78
304278104 76.5
304283748 76
304284259 75.5
304289166 78.5
304289192 83
304290198 71.5
304294098 76.5
304294329 79.5
304294646 82.5
304297647 75.5
304298419 79
304299943 88
304300942 87.5
304302757 76.5
304307100 86.5
304307944 73
304308834 90
304309287 73.5
304310322 84.5
304311226 78.5
304324957 87.5
304328080 89
304328864 77.5
304330007 83.5
304331385 91.5
304340306 72
304344313 83
304346438 85
304347576 88
304352296 71
304352772 78.5
304353354 82
304355461 93.5
304355519 70
304359177 83
304362296 77
304367391 80.5
304367839 75
304369822 80.5
304370678 89.5
304372063 83.5
304374847 90.5
304375525 69.5
304379507 86.5
304388039 76
304388259 75
304395673 76.5
304398994 77
304399693 69
304401934 74
304406630 75.5
304407455 82.5
304407685 80
304407989 80
304408981 72.5
304409880 86
304412224 90.5
304412833 69
304414322 69.5
304418373 87
304420635 80
304421798 75
304424356 79.5
304428534 87.5
304430828 75
304432271 88.5
304432591 82.5
304434179 76.5
304434760 89.5
304437388 75.5
304438890 76.5
304451173 80.5
304452565 80.5
304452923 89
304453269 76
304454948 75.5
304455296 82.5
304455444 77
304458082 84
304462493 68.5
304471066 78.5
304472845 71
304475880 73
304476569 78
304486163 73.5
304486752 79.5
